20001;1
20002;2
20003;3
20004;4
20005;5
20006;6
20007;7
20008;8
20009;9
20010;10
20011;11
20012;12
20013;13
20014;14
20015;15
20016;16
20017;17
20018;18
20019;19
20020;20
20021;21
20022;22
20023;23
20024;24
20025;25
20026;26
20027;27
20028;28
20029;29
20030;30
20031;31
20032;32
20033;33
20034;34
20035;35
20036;36
20037;37
20038;38
20039;39
20040;40
20041;41
20042;42
20043;43
20044;44
20045;45
20046;46
20047;47
20048;48
20049;49
20050;50
20051;51
20052;52
20053;53
20054;54
20055;55
20056;56
20057;57
20058;58
20059;59
20060;60
20061;61
20062;62
20063;63
20064;64
20065;65
20066;66
20067;67
20068;68
20069;69
20070;70
20071;71
20072;72
20073;73
20074;74
20075;75
20076;76
20077;77
20078;78
20079;79
20080;80
20081;81
20082;82
20083;83
20084;84
20085;85
20086;86
20087;87
20088;88
20089;89
20090;90
20091;91
20092;92
20093;93
20094;94
20095;95
20096;96
20097;97
20098;98
20099;99
20100;100
20101;101
20102;102
20103;103
20104;104
20105;105
20106;106
20107;107
20108;108
20109;109
20110;110
20111;111
20112;112
20113;113
20114;114
20115;115
20116;116
20117;117
20118;118
20119;119
20120;120
20121;121
20130;130
20131;131
20132;132
20133;133
20134;134
20135;135
20136;136
20137;137
20138;138
20139;139
20140;140
20141;141
20142;142
20143;143
20144;144
20145;145
20146;146
20147;147
20148;148
20149;149
20150;150
20151;151
20152;152
20153;153
20154;154
20155;155
20156;156
20157;157
20158;158
20159;159
20160;160
20161;161
20162;162
20163;163
20164;164
20165;165
20166;166
20167;167
20168;168
20169;169
20170;170
20171;171
20172;172
20173;173
20174;174
20175;175
20176;176
20177;177
20189;189
20190;190
20191;191
20192;192
20193;193
20194;194
20197;197
20198;198
20199;199
20200;200
20201;201
20202;202
20203;203
20204;204
20205;205
20206;206
20207;207
20208;208
20209;209
20210;210
20211;211
20212;212
20213;213
20214;214
20215;215
20216;216
20217;217
20218;218
20219;219
20220;220
20221;221
20222;222
20223;223
20224;224
20225;225
20226;226
20227;227
20228;228
20229;229
20230;230
20231;231
20232;232
20233;233
20234;234
20235;235
20236;236
20237;237
20238;238
20239;239
20240;240
20241;241
20242;242
20243;243
20244;244
20245;245
20246;246
20248;248
20249;249
20250;250
20251;251
20252;252
20253;253
20254;254
20255;255
20256;256
20257;257
20258;258
20259;259
20260;260
20261;261
20265;265
20266;266
20267;267
20268;268
20269;269
20270;270
20271;271
20272;272
20273;273
20274;274
20275;275
20276;276
20277;277
20279;279
20280;280
20281;281
20282;282
20283;283
20284;284
20285;285
20286;286
20287;287
20291;291
20292;292
20293;293
20294;294
20295;295
20296;296
20297;297
20298;298
20299;299
20300;300
20301;301
20302;302
20303;303
20304;304
20305;305
20307;307
20308;308
20309;309
20310;310
20311;311
20312;312
20313;313
20314;314
20316;316
20317;317
20318;318
20319;319
20320;320
20321;321
20322;322
20323;323
20324;324
20325;325
20326;326
20327;327
20328;328
20329;329
20330;330
20331;331
20333;333
20334;334
20335;335
20336;336
20337;337
20338;338
20340;340
20341;341
20342;342
20343;343
20345;345
20346;346
20347;347
20348;348
20349;349
20350;350
20351;351
20352;352
20353;353
20354;354
20356;356
20357;357
20358;358
20359;359
20360;360
20361;361
20362;362
20363;363
20364;364
20365;365
20367;367
20368;368
20369;369
20370;370
20371;371
20372;372
20373;373
20374;374
20375;375
20376;376
20377;377
20378;378
20379;379
20380;380
20381;381
20382;382
20383;383
20385;385
20386;386
20387;387
20388;388
20389;389
20390;390
20391;391
20392;392
20393;393
20394;394
20398;398
20399;399
20400;400
20401;401
20402;402
20403;403
20404;404
20405;405
20406;406
20407;407
20410;410
20411;411
20412;412
20415;415
20416;416
20418;418
20419;419
20420;420
20421;421
20422;422
20423;423
20424;424
20425;425
20426;426
20427;427
20428;428
20429;429
20431;431
20432;432
20433;433
20435;435
20436;436
20437;437
20438;438
20439;439
20440;440
20441;441
20442;442
20443;443
20444;444
20445;445
20446;446
20447;447
20448;448
20449;449
20450;450
20451;451
20453;453
20454;454
20455;455
20456;456
20457;457
20458;458
20460;460
20461;461
20462;462
20463;463
20464;464
20465;465
20466;466
20468;468
20469;469
20470;470
20471;471
20472;472
20473;473
20474;474
20475;475
20476;476
20477;477
20478;478
20479;479
20480;480
20481;481
20483;483
20487;487
20488;488
20489;489
20490;490
20491;491
20492;492
20494;494
20495;495
20496;496
20497;497
20498;498
20499;499
20500;500
20501;501
20502;502
20504;504
20505;505
20506;506
20507;507
20508;508
20509;509
20510;510
20511;511
20512;512
20513;513
20514;514
20515;515
20516;516
20517;517
20518;518
20519;519
20520;520
20521;521
20522;522
20524;524
20525;525
20526;526
20527;527
20528;528
20529;529
20530;530
20531;531
20532;532
20533;533
20534;534
20535;535
20536;536
20537;537
20538;538
20539;539
20540;540
20541;541
20542;542
20543;543
20544;544
20545;545
20546;546
20547;547
20548;548
20549;549
20550;550
20551;551
20552;552
20553;553
20554;554
20555;555
20556;556
20557;557
20558;558
20559;559
20560;560
20561;561
20562;562
20563;563
20564;564
20565;565
20566;566
20567;567
20568;568
20569;569
20570;570
20571;571
20572;572
20573;573
20574;574
20575;575
20576;576
20577;577
20578;578
20579;579
20580;580
20581;581
20582;582
20583;583
20584;584
20585;585
20586;586
20587;587
20588;588
20589;589
20590;590
20591;591
20592;592
20593;593
20594;594
20595;595
20596;596
20597;597
20598;598
20599;599
20600;600
20601;601
20602;602
20603;603
20604;604
20605;605
20606;606
20607;607
20608;608
20609;609
20610;610
20611;611
20612;612
20613;613
20614;614
20615;615
20616;616
20617;617
20618;618
20619;619
20620;620
20621;621
20622;622
20623;623
20624;624
20625;625
20626;626
20627;627
20628;628
20629;629
20630;630
20631;631
20632;632
20633;633
20634;634
20635;635
20636;636
20637;637
20638;638
20639;639
20640;640
20641;641
20642;642
20643;643
20644;644
20645;645
20646;646
20647;647
20648;648
20649;649
20650;650
20651;651
20652;652
20653;653
20654;654
20655;655
20656;656
20657;657
20658;658
20659;659
20660;660
20661;661
20662;662
20663;663
20664;664
20665;665
20666;666
20667;667
20668;668
20669;669
20670;670
20671;671
20672;672
20673;673
20674;674
20675;675
20676;676
20677;677
20678;678
20679;679
20680;680
20681;681
20682;682
20683;683
20684;684
20685;685
20686;686
20738;738
20739;739
20742;742
20743;743
20744;744
20745;745
20746;746
20747;747
20748;748
20749;749
20750;750
20751;751
20752;752
20753;753
20754;754
20755;755
20756;756
20757;757
20758;758
20759;759
20760;760
20761;761
20762;762
20763;763
20764;764
20765;765
20766;766
20767;767
20768;768
20769;769
20770;770
20771;771
20772;772
20773;773
20774;774
20775;775
20776;776
20777;777
20778;778
20779;779
20780;780
20781;781
20782;782
20783;783
20784;784
20785;785
20786;786
20787;787
20788;788
20789;789
20790;790
20791;791
20792;792
20793;793
20794;794
20795;795
20796;796
20797;797
20798;798
20799;799
20800;800
20801;801
20802;802
20803;803
20804;804
20805;805
20806;806
20807;807
20808;808
20809;809
20810;810
20811;811
20812;812
20813;813
20814;814
20815;815
20816;816
20817;817
20818;818
20819;819
20820;820
20821;821
20822;822
20823;823
20824;824
20825;825
20826;826
20827;827
20828;828
20829;829
20830;830
20831;831
20832;832
20833;833
20834;834
20835;835
20836;836
20837;837
20838;838
20839;839
20840;840
20841;841
20842;842
20843;843
20844;844
20845;845
20846;846
20847;847
20848;848
20849;849
20850;850
20851;851
20852;852
20853;853
20854;854
20855;855
20856;856
20857;857
20858;858
20859;859
20860;860
20861;861
20862;862
20919;919
20920;920
20921;921
20922;922
20923;923
20924;924
20925;925
20926;926
20927;927
20928;928
20929;929
20930;930
20931;931
20932;932
20933;933
20934;934
20935;935
20936;936
20937;937
20938;938
20939;939
20940;940
20941;941
20942;942
20943;943
20944;944
20945;945
20946;946
20947;947
20948;948
20949;949
20950;950
20951;951
20952;952
20953;953
20954;954
20955;955
20956;956
20957;957
20958;958
20959;959
20960;960
20961;961
20962;962
20963;963
20964;964
20965;965
20966;966
20967;967
20968;968
20969;969
20970;970
20971;971
20972;972
20973;973
20974;974
20975;975
20976;976
20977;977
20978;978
20979;979
20980;980
20981;981
20982;982
20983;983
20984;984
20985;985
20986;986
20987;987
20988;988
20989;989
20990;990
20991;991
20992;992
20993;993
20994;994
20995;995
20996;996
20997;997
20998;998
20999;999
21000;1000
21001;1001
21002;1002
21003;1003
21004;1004
21005;1005
21006;1006
21007;1007
21008;1008
21009;1009
21010;1010
21011;1011
21012;1012
21013;1013
21014;1014
21015;1015
21016;1016
21017;1017
21018;1018
21019;1019
21020;1020
21021;1021
21022;1022
21023;1023
21024;1024
21025;1025
21026;1026
21034;1034
21035;1035
21036;1036
21037;1037
21038;1038
21039;1039
21040;1040
21058;1058
21059;1059
21060;1060
21061;1061
21062;1062
21063;1063
21064;1064
21065;1065
21066;1066
21067;1067
21068;1068
21069;1069
21070;1070
21071;1071
21072;1072
21073;1073
21074;1074
21075;1075
21076;1076
21077;1077
21078;1078
21079;1079
21080;1080
21081;1081
21082;1082
21083;1083
21084;1084
21085;1085
21086;1086
21087;1087
21088;1088
21089;1089
21090;1090
21091;1091
21092;1092
21093;1093
21094;1094
21095;1095
21096;1096
21097;1097
21098;1098
21099;1099
21100;1100
21101;1101
21102;1102
21103;1103
21104;1104
21105;1105
21106;1106
21107;1107
21108;1108
21109;1109
21110;1110
21111;1111
21112;1112
21113;1113
21114;1114
21115;1115
21116;1116
21117;1117
21118;1118
21119;1119
21120;1120
21121;1121
21122;1122
21123;1123
21124;1124
21125;1125
21126;1126
21127;1127
21128;1128
21129;1129
21130;1130
21131;1131
21132;1132
21133;1133
21134;1134
21135;1135
21136;1136
21137;1137
21138;1138
21139;1139
21140;1140
21141;1141
21142;1142
21143;1143
21144;1144
21145;1145
21146;1146
21147;1147
21148;1148
21149;1149
21150;1150
21151;1151
21152;1152
21153;1153
21154;1154
21155;1155
21156;1156
21157;1157
21158;1158
21159;1159
21160;1160
21161;1161
21162;1162
21163;1163
21164;1164
21165;1165
21166;1166
21167;1167
21168;1168
21169;1169
21170;1170
21171;1171
21172;1172
21173;1173
21174;1174
21175;1175
21176;1176
21177;1177
21178;1178
21179;1179
21180;1180
21181;1181
21182;1182
21183;1183
21184;1184
21185;1185
21186;1186
21187;1187
21188;1188
21189;1189
21190;1190
21191;1191
21192;1192
21193;1193
21194;1194
21195;1195
21196;1196
21197;1197
21198;1198
21199;1199
21200;1200
21201;1201
21202;1202
21203;1203
21204;1204
21205;1205
21206;1206
21207;1207
21208;1208
21209;1209
21210;1210
21211;1211
21212;1212
21213;1213
21214;1214
21215;1215
21216;1216
21217;1217
21218;1218
21219;1219
21220;1220
21221;1221
21222;1222
21223;1223
21224;1224
21225;1225
21226;1226
21227;1227
21228;1228
21229;1229
21230;1230
21231;1231
21232;1232
21233;1233
21234;1234
21235;1235
21236;1236
21237;1237
21238;1238
21239;1239
21240;1240
21241;1241
21242;1242
21243;1243
21244;1244
21245;1245
21246;1246
21247;1247
21248;1248
21249;1249
21250;1250
21251;1251
21252;1252
21253;1253
21254;1254
21255;1255
21256;1256
21257;1257
21258;1258
21259;1259
21260;1260
21261;1261
21262;1262
21263;1263
21264;1264
21265;1265
21266;1266
21267;1267
21268;1268
21269;1269
21270;1270
21271;1271
21272;1272
21273;1273
21274;1274
21275;1275
21276;1276
21277;1277
21278;1278
21279;1279
21280;1280
21281;1281
21282;1282
21283;1283
21284;1284
21285;1285
21286;1286
21287;1287
21288;1288
21289;1289
21290;1290
21291;1291
21292;1292
21293;1293
21294;1294
21295;1295
21296;1296
21297;1297
21298;1298
21299;1299
21300;1300
21301;1301
21302;1302
21303;1303
21304;1304
21305;1305
21306;1306
21307;1307
21308;1308
21309;1309
21310;1310
21311;1311
21312;1312
21313;1313
21314;1314
21315;1315
21316;1316
21317;1317
21318;1318
21319;1319
21320;1320
21321;1321
21322;1322
21323;1323
21324;1324
21325;1325
21326;1326
21327;1327
21328;1328
21329;1329
21330;1330
21331;1331
21332;1332
21333;1333
21334;1334
21335;1335
21336;1336
21337;1337
21338;1338
21339;1339
21340;1340
21341;1341
21342;1342
21343;1343
21344;1344
21345;1345
21346;1346
21347;1347
21348;1348
21349;1349
21350;1350
21351;1351
21352;1352
21353;1353
21354;1354
21355;1355
21356;1356
21357;1357
21358;1358
21359;1359
21360;1360
21361;1361
21362;1362
21363;1363
21364;1364
21365;1365
21366;1366
21367;1367
21368;1368
21369;1369
21370;1370
21371;1371
21372;1372
21373;1373
21374;1374
21375;1375
21376;1376
21377;1377
21378;1378
21379;1379
21380;1380
21381;1381
21382;1382
21383;1383
21384;1384
21385;1385
21386;1386
21387;1387
21388;1388
21389;1389
21390;1390
21391;1391
21392;1392
21393;1393
21394;1394
21395;1395
21396;1396
21397;1397
21398;1398
21399;1399
21400;1400
21401;1401
21402;1402
21403;1403
21404;1404
21405;1405
21406;1406
21407;1407
21408;1408
21409;1409
21410;1410
21411;1411
21412;1412
21413;1413
21414;1414
21415;1415
21416;1416
21417;1417
21418;1418
21419;1419
21420;1420
21421;1421
21422;1422
21423;1423
21424;1424
21425;1425
21426;1426
21427;1427
21428;1428
21429;1429
21430;1430
21431;1431
21432;1432
21433;1433
21434;1434
21435;1435
21436;1436
21437;1437
21438;1438
21439;1439
21440;1440
21441;1441
21442;1442
21443;1443
21444;1444
21445;1445
21446;1446
21447;1447
21448;1448
21449;1449
21450;1450
21451;1451
21452;1452
21453;1453
21454;1454
21455;1455
21456;1456
21457;1457
21458;1458
21459;1459
21460;1460
21461;1461
21462;1462
21463;1463
21464;1464
21465;1465
21466;1466
21467;1467
21468;1468
21469;1469
21470;1470
21471;1471
21472;1472
21473;1473
21474;1474
21475;1475
21476;1476
21477;1477
21478;1478
21479;1479
21480;1480
21481;1481
21482;1482
21483;1483
21484;1484
21485;1485
21486;1486
21487;1487
21488;1488
21489;1489
21490;1490
21491;1491
21492;1492
21493;1493
21494;1494
21495;1495
21496;1496
21497;1497
21498;1498
21499;1499
21500;1500
21501;1501
21502;1502
21503;1503
21504;1504
21505;1505
21506;1506
21507;1507
21508;1508
21509;1509
21510;1510
21511;1511
21512;1512
21513;1513
21514;1514
21515;1515
21516;1516
21517;1517
21518;1518
21519;1519
21520;1520
21521;1521
21522;1522
21523;1523
21524;1524
21525;1525
21526;1526
21527;1527
21528;1528
21529;1529
21530;1530
21531;1531
21532;1532
21533;1533
21534;1534
21535;1535
21536;1536
21537;1537
21538;1538
21539;1539
21540;1540
21541;1541
21542;1542
21543;1543
21544;1544
21545;1545
21546;1546
21547;1547
21548;1548
21549;1549
21550;1550
21551;1551
21552;1552
21553;1553
21554;1554
21555;1555
21556;1556
21557;1557
21558;1558
21559;1559
21560;1560
21561;1561
21562;1562
21563;1563
21564;1564
21565;1565
21566;1566
21567;1567
21568;1568
21569;1569
21570;1570
21571;1571
21572;1572
21573;1573
21574;1574
21575;1575
21576;1576
21577;1577
21578;1578
21579;1579
21580;1580
21581;1581
21582;1582
21583;1583
21584;1584
21585;1585
21586;1586
21587;1587
21588;1588
21589;1589
21590;1590
21591;1591
21592;1592
21593;1593
21594;1594
21595;1595
21596;1596
21597;1597
21598;1598
21599;1599
21600;1600
21601;1601
21602;1602
21603;1603
21604;1604
21605;1605
21606;1606
21607;1607
21608;1608
21609;1609
21610;1610
21611;1611
21612;1612
21613;1613
21614;1614
21615;1615
21616;1616
21617;1617
21618;1618
21619;1619
21620;1620
21621;1621
21622;1622
21623;1623
21624;1624
21625;1625
21626;1626
21627;1627
21628;1628
21629;1629
21630;1630
21631;1631
21632;1632
21633;1633
21634;1634
21635;1635
21636;1636
21637;1637
21638;1638
21639;1639
21640;1640
21641;1641
21642;1642
21643;1643
21644;1644
21645;1645
21646;1646
21647;1647
21648;1648
21649;1649
21650;1650
21651;1651
21652;1652
21653;1653
21654;1654
21655;1655
21656;1656
21657;1657
21658;1658
21659;1659
21660;1660
21661;1661
21662;1662
21663;1663
21664;1664
21665;1665
21666;1666
21667;1667
21668;1668
21669;1669
21670;1670
21671;1671
21672;1672
21673;1673
21674;1674
21675;1675
21676;1676
21677;1677
21678;1678
21679;1679
21680;1680
21681;1681
21682;1682
21683;1683
21684;1684
21685;1685
21686;1686
21687;1687
21688;1688
21689;1689
21690;1690
21691;1691
21692;1692
21693;1693
21694;1694
21695;1695
21696;1696
21697;1697
21698;1698
21699;1699
21700;1700
21701;1701
21702;1702
21703;1703
21704;1704
21705;1705
21706;1706
21707;1707
21708;1708
21709;1709
21710;1710
21711;1711
21712;1712
21713;1713
21714;1714
21715;1715
21716;1716
21717;1717
21718;1718
21719;1719
21720;1720
21721;1721
21722;1722
21723;1723
21724;1724
21725;1725
21726;1726
21727;1727
21728;1728
21729;1729
21730;1730
21731;1731
21732;1732
21733;1733
21734;1734
21735;1735
21736;1736
21737;1737
21738;1738
21739;1739
21740;1740
21741;1741
21742;1742
21743;1743
21744;1744
21745;1745
21746;1746
21747;1747
21748;1748
21749;1749
21750;1750
21751;1751
21752;1752
21753;1753
21754;1754
21755;1755
21756;1756
21757;1757
21758;1758
21759;1759
21760;1760
21761;1761
21762;1762
21763;1763
21764;1764
21765;1765
21766;1766
21767;1767
21768;1768
21769;1769
21770;1770
21771;1771
21772;1772
21773;1773
21774;1774
21775;1775
21776;1776
21777;1777
21778;1778
21779;1779
21780;1780
21781;1781
21782;1782
21783;1783
21784;1784
21785;1785
21786;1786
21787;1787
21788;1788
21789;1789
21790;1790
21791;1791
21792;1792
21793;1793
21794;1794
21795;1795
21796;1796
21797;1797
21798;1798
21799;1799
21800;1800
21801;1801
21802;1802
21803;1803
21804;1804
21805;1805
21806;1806
21807;1807
21808;1808
21809;1809
21810;1810
21811;1811
21812;1812
21813;1813
21814;1814
21815;1815
21816;1816
21817;1817
21818;1818
21819;1819
21820;1820
21821;1821
21822;1822
21823;1823
27001;5001
27002;5002
27003;5003
27004;5004
27005;5005
27006;5006
27007;5007
27008;5008
27009;5009
27016;5016
27017;5017
27018;5018
27019;5019
27020;5020
27021;5021
27022;5022
27024;5024
27029;5029
27030;5030
27031;5031
27032;5032
27033;5033
27034;5034
27035;5035
27036;5036
27037;5037
27038;5038
27041;5041
27042;5042
27043;5043
27044;5044
27045;5045
27046;5046
27047;5047
27048;5048
27049;5049
27050;5050
27051;5051
27052;5052
27053;5053
27054;5054
27055;5055
27056;5056
27058;5058
27059;5059
27060;5060
27061;5061
27062;5062
27063;5063
27064;5064
27065;5065
27066;5066
27067;5067
27068;5068
27069;5069
27070;5070
27077;5077
27078;5078
27079;5079
27080;5080
27081;5081
27082;5082
27083;5083
27086;5086
27088;5088
27089;5089
27090;5090
27092;5092
27093;5093
27094;5094
27095;5095
27096;5096
27097;5097
27098;5098
27099;5099
27100;5100
27101;5101
27102;5102
27103;5103
27104;5104
27105;5105
27106;5106
27107;5107
27108;5108
27109;5109
27110;5110
27111;5111
27112;5112
27113;5113
27114;5114
27115;5115
27116;5116
27117;5117
27118;5118
27119;5119
27120;5120
27121;5121
27122;5122
27123;5123
27124;5124
27125;5125
27126;5126
27127;5127
27128;5128
27129;5129
27130;5130
27131;5131
27132;5132
27133;5133
27134;5134
27135;5135
27136;5136
27137;5137
27138;5138
27139;5139
27140;5140
27141;5141
27142;5142
27143;5143
27144;5144
27145;5145
27146;5146
27147;5147
27148;5148
27149;5149
27150;5150
27151;5151
27152;5152
27153;5153
27154;5154
27155;5155
27156;5156
27157;5157
27158;5158
27159;5159
27160;5160
27161;5161
27162;5162
27163;5163
27164;5164
27165;5165
27166;5166
27167;5167
27168;5168
27169;5169
27170;5170
27171;5171
27172;5172
27173;5173
27174;5174
27175;5175
27176;5176
27177;5177
27178;5178
27179;5179
27180;5180
27181;5181
27182;5182
27183;5183
27184;5184
27185;5185
27186;5186
27187;5187
27188;5188
27189;5189
27190;5190
27191;5191
27192;5192
27193;5193
27194;5194
27195;5195
27196;5196
27197;5197
18342;5198
27199;5199
27200;5200
27214;5214
27215;5215
27216;5216
27217;5217
27218;5218
27219;5219
27220;5220
27221;5221
27222;5222
27223;5223
27224;5224
27225;5225
27226;5226
27227;5227
27228;5228
27229;5229
27230;5230
27231;5231
27232;5232
27233;5233
27234;5234
27235;5235
27236;5236
27237;5237
27238;5238
27239;5239
27240;5240
27241;5241
27242;5242
27243;5243
27244;5244
27245;5245
27246;5246
27247;5247
27248;5248
27249;5249
27250;5250
27251;5251
27252;5252
27253;5253
27254;5254
27255;5255
27256;5256
27257;5257
27258;5258
27259;5259
27260;5260
27261;5261
27262;5262
27263;5263
27264;5264
27265;5265
27266;5266
27267;5267
27268;5268
27269;5269
27270;5270
27271;5271
27272;5272
27273;5273
27274;5274
27275;5275
27276;5276
27277;5277
27278;5278
27279;5279
27280;5280
27281;5281
27282;5282
27283;5283
27284;5284
27285;5285
27286;5286
27287;5287
27288;5288
27289;5289
27290;5290
27291;5291
27292;5292
27293;5293
27294;5294
27295;5295
27296;5296
27297;5297
27298;5298
27299;5299
27300;5300
27301;5301
27302;5302
27303;5303
27304;5304
27305;5305
27306;5306
27307;5307
27308;5308
27309;5309
27310;5310
27311;5311
27312;5312
27313;5313
27314;5314
27315;5315
27316;5316
27317;5317
30001;7001
30002;7002
30003;7003
30004;7004
30005;7005
30006;7006
30008;7008
30009;7009
30010;7010
30014;7014
30017;7017
30019;7019
30022;7022
30026;7026
30027;7027
30028;7028
30029;7029
30030;7030
30031;7031
30032;7032
30033;7033
30034;7034
30035;7035
30036;7036
30037;7037
30039;7039
30040;7040
30041;7041
30042;7042
30043;7043
30044;7044
30045;7045
30046;7046
30047;7047
30048;7048
30049;7049
30050;7050
30051;7051
30054;7054
30055;7055
30057;7057
30058;7058
30059;7059
30060;7060
30061;7061
30062;7062
30063;7063
30064;7064
30065;7065
30066;7066
30067;7067
30068;7068
30069;7069
30070;7070
30071;7071
30072;7072
30073;7073
30074;7074
30075;7075
30076;7076
30078;7078
30079;7079
30080;7080
30081;7081
30082;7082
30083;7083
30084;7084
30085;7085
30086;7086
30087;7087
30088;7088
30090;7090
30091;7091
30092;7092
30093;7093
30094;7094
30095;7095
30097;7097
30098;7098
30103;7103
30104;7104
30105;7105
30106;7106
30107;7107
30108;7108
30109;7109
30110;7110
30111;7111
30112;7112
30113;7113
30114;7114
30115;7115
30116;7116
30117;7117
30118;7118
30119;7119
30120;7120
30121;7121
30122;7122
30123;7123
30124;7124
30125;7125
30126;7126
30128;7128
30129;7129
30130;7130
30131;7131
30132;7132
30133;7133
30134;7134
30135;7135
30136;7136
30137;7137
30138;7138
30139;7139
30140;7140
30141;7141
30143;7143
30144;7144
30145;7145
30146;7146
30147;7147
30148;7148
30149;7149
30150;7150
30151;7151
30152;7152
30153;7153
30154;7154
30155;7155
30156;7156
30157;7157
30158;7158
30162;7162
30163;7163
30164;7164
30165;7165
30166;7166
30169;7169
30170;7170
30171;7171
30174;7174
30175;7175
30176;7176
30177;7177
30178;7178
30179;7179
30180;7180
30181;7181
30182;7182
30183;7183
30184;7184
30185;7185
30186;7186
30187;7187
30188;7188
30189;7189
30190;7190
30191;7191
30192;7192
30194;7194
30195;7195
30196;7196
30197;7197
30198;7198
30199;7199
30200;7200
30201;7201
30207;7207
30208;7208
30209;7209
30210;7210
30216;7216
30217;7217
30218;7218
30219;7219
30220;7220
30221;7221
30222;7222
30223;7223
30224;7224
30230;7230
30231;7231
30232;7232
30233;7233
35063;7250
30253;7253
30254;7254
30255;7255
30256;7256
30283;7283
30284;7284
30285;7285
30288;7288
30289;7289
30290;7290
30291;7291
30293;7293
30294;7294
30297;7297
30298;7298
30300;7300
30301;7301
30305;7305
30307;7307
30311;7311
30312;7312
30313;7313
30314;7314
30315;7315
30316;7316
30317;7317
30320;7320
30321;7321
30322;7322
30325;7325
30326;7326
30327;7327
30328;7328
30329;7329
30330;7330
30331;7331
30332;7332
30333;7333
30334;7334
30335;7335
30336;7336
30337;7337
30338;7338
30342;7342
30344;7344
30345;7345
30346;7346
30347;7347
30348;7348
30349;7349
30350;7350
30351;7351
30352;7352
30353;7353
30354;7354
30355;7355
30356;7356
30357;7357
30358;7358
30359;7359
30360;7360
30361;7361
30362;7362
30363;7363
30368;7368
30369;7369
30370;7370
30371;7371
30373;7373
30374;7374
30375;7375
30376;7376
30377;7377
30378;7378
30379;7379
30380;7380
30381;7381
30382;7382
30383;7383
30384;7384
30385;7385
30386;7386
30387;7387
30391;7391
30400;7400
30401;7401
30402;7402
30403;7403
30404;7404
30405;7405
30406;7406
30407;7407
30408;7408
30409;7409
30410;7410
30411;7411
30412;7412
30413;7413
30414;7414
30415;7415
30416;7416
30417;7417
30418;7418
30419;7419
30420;7420
30421;7421
30422;7422
30423;7423
30424;7424
30425;7425
30426;7426
30427;7427
30428;7428
30429;7429
30430;7430
30431;7431
30432;7432
30433;7433
30434;7434
30435;7435
30436;7436
30437;7437
30452;7452
30458;7458
30459;7459
30460;7460
30461;7461
30462;7462
30463;7463
30464;7464
30465;7465
30466;7466
30469;7469
30471;7471
30472;7472
30473;7473
30474;7474
30475;7475
30476;7476
30477;7477
30478;7478
30483;7483
30484;7484
30485;7485
30486;7486
30487;7487
27494;7494
30497;7497
30498;7498
30499;7499
30500;7500
30501;7501
30502;7502
30503;7503
30504;7504
30505;7505
30506;7506
30507;7507
30508;7508
30509;7509
30510;7510
30511;7511
30512;7512
30513;7513
30514;7514
30515;7515
30516;7516
30517;7517
30518;7518
30519;7519
30520;7520
30521;7521
30522;7522
30523;7523
30524;7524
30525;7525
30526;7526
30527;7527
30528;7528
30529;7529
30530;7530
30531;7531
30532;7532
30533;7533
30534;7534
30535;7535
30536;7536
30537;7537
30538;7538
30539;7539
30540;7540
30541;7541
30542;7542
30543;7543
30544;7544
30545;7545
30546;7546
30547;7547
30548;7548
30549;7549
30550;7550
30551;7551
30552;7552
30553;7553
30554;7554
30555;7555
30556;7556
30557;7557
30558;7558
30559;7559
30560;7560
30561;7561
30562;7562
30563;7563
30564;7564
30565;7565
30566;7566
30567;7567
30568;7568
30569;7569
30570;7570
30571;7571
30572;7572
30573;7573
30575;7575
30576;7576
30577;7577
30578;7578
30579;7579
30580;7580
30581;7581
30582;7582
30583;7583
30584;7584
30585;7585
30586;7586
30587;7587
30588;7588
30589;7589
30590;7590
30591;7591
30592;7592
30593;7593
30594;7594
30595;7595
30596;7596
30597;7597
30598;7598
30599;7599
30600;7600
30601;7601
30602;7602
30608;7608
30609;7609
30610;7610
30611;7611
30612;7612
30613;7613
30614;7614
30615;7615
30616;7616
30617;7617
30618;7618
30619;7619
30620;7620
30621;7621
30622;7622
30623;7623
30624;7624
30625;7625
30626;7626
30627;7627
30628;7628
30629;7629
30630;7630
30631;7631
30632;7632
30633;7633
30634;7634
30635;7635
30636;7636
30637;7637
30638;7638
30639;7639
30640;7640
30641;7641
30642;7642
30643;7643
30644;7644
30645;7645
30646;7646
30647;7647
30648;7648
30649;7649
30650;7650
30651;7651
30652;7652
30653;7653
30654;7654
30655;7655
30656;7656
30657;7657
30658;7658
30659;7659
30660;7660
30661;7661
30662;7662
30663;7663
30664;7664
30665;7665
30666;7666
30667;7667
30668;7668
30669;7669
30670;7670
30671;7671
30672;7672
30673;7673
30674;7674
30675;7675
30676;7676
30677;7677
30678;7678
30679;7679
30680;7680
30681;7681
30682;7682
30683;7683
30684;7684
30685;7685
30686;7686
30687;7687
30688;7688
30689;7689
30690;7690
30691;7691
30692;7692
30693;7693
30694;7694
30695;7695
30696;7696
30697;7697
30698;7698
30699;7699
30700;7700
30701;7701
30702;7702
30703;7703
30704;7704
30705;7705
30706;7706
30707;7707
30708;7708
30709;7709
30710;7710
30711;7711
30712;7712
30713;7713
30714;7714
30715;7715
30716;7716
30717;7717
30718;7718
30719;7719
30720;7720
30721;7721
30722;7722
30723;7723
30724;7724
30725;7725
30726;7726
30727;7727
30728;7728
30729;7729
30730;7730
30731;7731
30732;7732
30733;7733
30734;7734
30735;7735
30736;7736
30737;7737
30738;7738
30739;7739
30740;7740
30741;7741
30742;7742
30743;7743
30744;7744
30745;7745
30746;7746
30747;7747
30748;7748
30749;7749
30750;7750
30751;7751
30752;7752
30753;7753
30754;7754
30755;7755
30756;7756
30757;7757
30758;7758
30759;7759
30760;7760
30761;7761
30762;7762
30763;7763
30764;7764
30765;7765
30766;7766
30767;7767
30768;7768
30769;7769
30770;7770
30771;7771
30772;7772
30773;7773
35399;7775
35401;7777
35393;7779
35395;7781
35397;7783
35385;7785
35391;7787
35387;7789
35389;7791
35406;7799
35402;7801
35404;7803
30827;7827
30828;7828
30829;7829
30830;7830
30831;7831
30832;7832
30833;7833
30834;7834
30835;7835
30836;7836
30837;7837
30838;7838
30839;7839
30840;7840
30841;7841
30842;7842
30843;7843
30844;7844
30845;7845
30846;7846
30847;7847
30848;7848
30849;7849
30850;7850
30851;7851
30852;7852
30853;7853
30854;7854
30855;7855
30856;7856
30857;7857
30858;7858
30859;7859
30860;7860
30861;7861
30862;7862
30863;7863
30864;7864
30865;7865
30866;7866
30867;7867
30868;7868
30869;7869
30870;7870
30871;7871
30872;7872
30873;7873
30874;7874
30875;7875
30876;7876
30877;7877
30878;7878
30879;7879
30880;7880
30881;7881
30882;7882
30883;7883
30884;7884
30885;7885
30886;7886
30887;7887
30888;7888
30889;7889
30890;7890
30891;7891
30892;7892
30893;7893
30894;7894
30895;7895
30896;7896
30897;7897
30898;7898
30899;7899
30900;7900
30901;7901
30902;7902
30903;7903
30904;7904
30905;7905
30906;7906
30907;7907
30908;7908
30909;7909
30910;7910
30911;7911
30912;7912
30913;7913
30914;7914
30915;7915
30916;7916
30917;7917
30918;7918
30919;7919
30920;7920
30921;7921
30922;7922
30923;7923
30924;7924
30925;7925
30926;7926
30927;7927
30928;7928
30929;7929
30930;7930
30931;7931
30932;7932
30933;7933
30934;7934
30935;7935
30936;7936
30937;7937
30938;7938
30939;7939
30940;7940
30941;7941
30942;7942
30943;7943
30944;7944
30945;7945
30946;7946
30947;7947
30948;7948
30949;7949
30950;7950
30951;7951
30952;7952
30953;7953
30954;7954
30955;7955
30956;7956
30957;7957
30958;7958
30959;7959
30960;7960
30961;7961
30962;7962
30963;7963
30964;7964
30965;7965
30966;7966
30967;7967
30968;7968
30969;7969
30970;7970
30971;7971
30972;7972
30973;7973
30974;7974
30975;7975
30976;7976
30977;7977
30978;7978
30979;7979
30980;7980
30981;7981
30982;7982
30983;7983
30984;7984
30985;7985
30986;7986
30987;7987
30988;7988
30989;7989
30990;7990
30991;7991
30992;7992
30993;7993
30994;7994
30995;7995
35103;7996
35145;7997
35187;7998
35319;7999
35277;8000
31001;8001
31002;8002
31003;8003
31004;8004
31005;8005
31006;8006
31007;8007
31008;8008
31009;8009
31010;8010
31011;8011
31012;8012
31013;8013
31014;8014
31015;8015
31016;8016
31017;8017
31018;8018
31019;8019
31020;8020
31021;8021
31022;8022
31023;8023
31024;8024
31025;8025
31026;8026
31027;8027
31028;8028
31029;8029
31030;8030
31031;8031
31032;8032
31033;8033
31034;8034
31035;8035
31036;8036
31042;8042
31043;8043
31044;8044
31045;8045
31046;8046
31047;8047
31048;8048
31049;8049
31050;8050
31051;8051
31052;8052
31053;8053
35417;8055
35418;8056
35229;8058
35230;8059
35231;8060
35098;8061
35140;8062
35182;8063
35224;8064
35272;8065
35314;8066
31067;8067
35099;8068
35141;8069
35183;8070
35225;8071
35273;8072
35315;8073
31074;8074
31075;8075
31076;8076
31077;8077
31078;8078
31079;8079
31080;8080
31081;8081
31082;8082
31083;8083
31084;8084
31085;8085
31086;8086
31087;8087
31088;8088
31089;8089
31090;8090
31091;8091
31092;8092
31093;8093
31094;8094
31095;8095
31096;8096
31097;8097
31098;8098
31099;8099
31100;8100
31101;8101
31102;8102
31103;8103
31104;8104
31105;8105
31106;8106
31107;8107
31108;8108
31109;8109
31110;8110
31111;8111
31112;8112
31113;8113
31114;8114
31115;8115
31116;8116
31117;8117
31118;8118
31119;8119
31120;8120
31121;8121
31122;8122
31123;8123
31124;8124
31125;8125
31126;8126
31127;8127
31128;8128
31129;8129
31130;8130
31131;8131
31132;8132
31133;8133
31134;8134
31135;8135
31136;8136
31137;8137
31138;8138
31139;8139
31140;8140
31141;8141
31142;8142
31143;8143
31144;8144
31145;8145
31146;8146
31147;8147
31148;8148
31149;8149
35569;8151
35442;8153
35444;8155
35446;8157
35448;8159
35450;8161
35101;8162
35185;8163
35143;8164
35227;8165
35317;8166
35275;8167
31168;8168
31169;8169
31170;8170
31171;8171
31172;8172
31173;8173
31174;8174
31175;8175
31176;8176
31177;8177
31178;8178
31179;8179
31180;8180
31181;8181
31182;8182
31183;8183
31184;8184
31185;8185
31186;8186
31187;8187
31188;8188
31189;8189
31190;8190
31191;8191
31192;8192
31193;8193
31194;8194
31195;8195
31196;8196
31197;8197
31198;8198
31199;8199
31200;8200
31201;8201
31202;8202
31203;8203
31204;8204
31205;8205
31206;8206
31207;8207
31208;8208
31209;8209
31210;8210
31211;8211
31212;8212
31213;8213
31214;8214
31215;8215
31216;8216
31217;8217
31218;8218
31219;8219
31220;8220
31221;8221
31222;8222
31223;8223
31224;8224
31225;8225
31226;8226
31227;8227
31228;8228
31229;8229
31230;8230
31231;8231
31232;8232
31233;8233
31234;8234
31235;8235
31236;8236
31237;8237
31238;8238
31239;8239
31240;8240
31241;8241
31242;8242
31243;8243
31244;8244
31245;8245
31246;8246
31247;8247
31248;8248
31249;8249
31250;8250
31251;8251
31252;8252
31253;8253
31254;8254
31255;8255
31256;8256
31257;8257
31258;8258
31259;8259
31260;8260
31261;8261
31262;8262
31263;8263
31264;8264
31265;8265
31266;8266
31267;8267
31268;8268
31269;8269
31270;8270
31271;8271
31272;8272
31273;8273
31274;8274
31275;8275
31276;8276
31277;8277
31278;8278
31279;8279
31280;8280
31281;8281
31282;8282
31283;8283
31284;8284
31285;8285
31286;8286
31287;8287
31288;8288
31289;8289
31290;8290
31291;8291
31292;8292
31293;8293
31294;8294
31295;8295
31296;8296
31297;8297
31298;8298
31299;8299
31300;8300
31301;8301
31302;8302
31303;8303
31304;8304
31305;8305
31306;8306
31307;8307
31308;8308
31309;8309
31310;8310
31311;8311
31312;8312
31313;8313
31314;8314
31315;8315
31316;8316
31317;8317
31318;8318
31319;8319
31320;8320
31321;8321
31322;8322
31323;8323
31324;8324
31325;8325
31326;8326
31327;8327
31328;8328
31329;8329
31330;8330
31331;8331
31332;8332
31333;8333
31334;8334
31335;8335
31336;8336
31337;8337
31338;8338
31339;8339
31340;8340
31341;8341
31342;8342
31343;8343
31344;8344
31345;8345
31346;8346
31347;8347
31348;8348
31349;8349
31350;8350
31351;8351
35468;8352
35466;8353
35464;8354
35462;8355
31356;8356
31357;8357
31358;8358
31359;8359
31360;8360
31361;8361
31362;8362
31363;8363
31364;8364
31365;8365
31366;8366
31367;8367
31368;8368
31369;8369
31370;8370
31371;8371
31372;8372
31373;8373
31374;8374
31375;8375
31376;8376
31377;8377
31378;8378
31379;8379
31380;8380
31381;8381
31382;8382
31383;8383
31384;8384
31385;8385
31386;8386
31387;8387
31388;8388
31389;8389
35366;8402
35512;8403
31404;8404
31405;8405
31406;8406
31407;8407
31408;8408
31409;8409
31410;8410
31411;8411
31412;8412
31413;8413
31414;8414
31415;8415
31416;8416
31417;8417
31418;8418
31419;8419
31420;8420
31421;8421
31422;8422
31423;8423
31424;8424
31425;8425
31426;8426
31427;8427
31428;8428
31429;8429
31430;8430
31431;8431
31432;8432
31433;8433
31434;8434
31435;8435
31436;8436
31437;8437
31438;8438
31439;8439
31440;8440
31441;8441
31442;8442
31443;8443
31444;8444
31445;8445
35364;8446
35454;8447
35456;8448
35452;8449
35458;8450
35460;8451
31452;8452
31453;8453
31454;8454
31455;8455
31456;8456
31457;8457
31458;8458
31459;8459
31460;8460
31461;8461
31462;8462
31463;8463
31464;8464
31465;8465
31466;8466
31467;8467
31468;8468
31469;8469
31470;8470
31471;8471
31472;8472
31473;8473
31474;8474
31475;8475
31476;8476
31477;8477
31478;8478
31479;8479
31480;8480
31481;8481
31482;8482
31483;8483
31484;8484
31485;8485
31486;8486
31487;8487
31488;8488
31489;8489
31490;8490
31491;8491
31492;8492
31493;8493
31494;8494
31495;8495
31496;8496
31497;8497
31498;8498
31499;8499
31500;8500
31501;8501
31502;8502
31503;8503
31504;8504
31505;8505
31506;8506
31507;8507
31508;8508
31509;8509
31510;8510
31511;8511
31512;8512
31513;8513
31514;8514
31515;8515
31516;8516
31517;8517
31518;8518
31519;8519
31520;8520
31521;8521
31522;8522
31523;8523
31524;8524
31525;8525
31526;8526
31527;8527
31528;8528
31529;8529
31530;8530
31531;8531
31532;8532
31533;8533
31534;8534
31535;8535
31536;8536
31537;8537
31538;8538
31539;8539
31540;8540
31541;8541
31542;8542
31543;8543
31544;8544
31545;8545
31546;8546
31547;8547
31548;8548
31549;8549
31550;8550
31551;8551
31552;8552
31553;8553
31554;8554
31555;8555
31556;8556
31557;8557
31558;8558
31559;8559
31560;8560
31561;8561
31562;8562
31563;8563
31564;8564
31565;8565
31566;8566
31567;8567
31568;8568
31569;8569
31570;8570
31571;8571
31572;8572
31573;8573
31574;8574
31575;8575
31576;8576
31577;8577
31578;8578
31579;8579
31580;8580
31581;8581
31582;8582
31583;8583
31584;8584
31585;8585
31586;8586
31587;8587
31588;8588
31589;8589
31590;8590
31591;8591
31592;8592
31593;8593
31594;8594
31595;8595
31596;8596
31597;8597
31598;8598
31599;8599
31600;8600
31601;8601
31602;8602
31603;8603
31604;8604
31605;8605
31606;8606
31607;8607
31608;8608
31609;8609
31610;8610
31611;8611
31612;8612
31613;8613
31614;8614
31615;8615
31616;8616
31617;8617
31618;8618
31619;8619
31620;8620
31621;8621
31622;8622
31623;8623
31624;8624
31625;8625
31626;8626
31627;8627
31628;8628
31629;8629
31630;8630
31631;8631
31632;8632
31633;8633
31634;8634
31635;8635
31636;8636
31637;8637
31638;8638
31639;8639
31640;8640
31641;8641
31642;8642
31643;8643
31644;8644
31645;8645
31646;8646
31647;8647
31648;8648
31649;8649
31650;8650
31651;8651
31652;8652
31653;8653
31654;8654
31655;8655
31656;8656
31657;8657
31658;8658
31659;8659
31660;8660
31661;8661
31662;8662
31663;8663
31664;8664
31665;8665
31666;8666
31667;8667
31668;8668
31669;8669
31670;8670
31671;8671
31672;8672
31673;8673
31674;8674
31675;8675
31676;8676
31677;8677
31678;8678
31679;8679
31680;8680
31681;8681
31682;8682
31683;8683
31684;8684
31685;8685
31686;8686
31687;8687
31688;8688
31689;8689
31690;8690
31691;8691
31692;8692
31693;8693
31694;8694
31695;8695
31696;8696
31697;8697
31698;8698
31699;8699
31700;8700
31701;8701
31702;8702
31703;8703
31704;8704
31705;8705
31706;8706
31707;8707
31708;8708
31709;8709
31710;8710
31711;8711
31712;8712
31713;8713
31714;8714
31715;8715
31716;8716
31717;8717
31718;8718
31719;8719
31720;8720
31721;8721
31722;8722
31723;8723
31724;8724
31725;8725
31726;8726
31727;8727
31728;8728
31729;8729
31730;8730
31731;8731
31732;8732
31733;8733
31734;8734
31735;8735
31736;8736
31737;8737
31738;8738
31739;8739
31740;8740
31741;8741
31742;8742
31743;8743
31744;8744
31745;8745
31746;8746
31747;8747
31748;8748
35419;8749
31750;8750
31751;8751
31752;8752
35361;8753
35362;8754
31755;8755
31756;8756
31757;8757
31758;8758
31759;8759
31760;8760
31761;8761
31762;8762
31763;8763
31764;8764
31765;8765
31766;8766
31767;8767
31768;8768
31769;8769
31770;8770
31771;8771
31772;8772
31773;8773
31774;8774
31775;8775
31776;8776
31777;8777
31778;8778
31779;8779
31780;8780
31781;8781
31782;8782
31783;8783
31784;8784
31785;8785
31786;8786
31787;8787
31788;8788
31789;8789
31790;8790
31791;8791
31792;8792
31793;8793
31794;8794
31795;8795
31796;8796
31797;8797
31798;8798
31799;8799
31800;8800
31801;8801
31802;8802
31803;8803
31804;8804
31805;8805
31806;8806
31807;8807
31808;8808
31809;8809
31810;8810
31811;8811
31812;8812
31813;8813
31814;8814
31815;8815
31816;8816
31817;8817
31818;8818
31819;8819
31820;8820
31821;8821
31822;8822
31823;8823
31824;8824
31825;8825
31826;8826
31827;8827
31828;8828
31829;8829
31830;8830
31831;8831
31832;8832
31833;8833
31834;8834
31835;8835
31836;8836
31837;8837
31838;8838
31839;8839
31840;8840
31841;8841
32075;8842
25001;10001
25002;10002
25003;10003
25004;10004
25005;10005
25006;10006
25007;10007
25008;10008
25009;10009
25010;10010
25011;10011
25012;10012
25013;10013
25014;10014
25015;10015
25016;10016
25017;10017
25018;10018
25019;10019
25020;10020
25021;10021
25022;10022
25023;10023
25024;10024
25025;10025
25026;10026
25027;10027
25028;10028
25029;10029
25030;10030
25031;10031
25032;10032
25033;10033
25034;10034
25035;10035
25036;10036
25037;10037
25038;10038
25039;10039
25040;10040
25041;10041
25042;10042
25043;10043
25044;10044
25045;10045
25046;10046
25047;10047
25048;10048
25049;10049
25050;10050
25051;10051
25052;10052
25053;10053
25054;10054
25055;10055
25056;10056
25057;10057
25058;10058
25059;10059
25060;10060
25061;10061
25062;10062
25063;10063
25064;10064
25065;10065
25066;10066
25067;10067
25068;10068
25069;10069
25070;10070
25071;10071
25072;10072
25073;10073
25074;10074
25075;10075
25076;10076
25077;10077
25078;10078
25079;10079
25080;10080
25081;10081
25082;10082
25083;10083
25084;10084
25085;10085
25086;10086
25087;10087
25088;10088
25089;10089
25090;10090
25091;10091
25092;10092
25093;10093
25094;10094
25095;10095
25096;10096
25097;10097
25098;10098
25099;10099
25100;10100
25101;10101
25102;10102
25103;10103
25104;10104
25105;10105
25106;10106
25107;10107
25108;10108
25109;10109
25110;10110
25111;10111
25112;10112
25113;10113
25114;10114
25115;10115
25116;10116
25117;10117
25118;10118
25119;10119
25120;10120
25121;10121
25122;10122
25123;10123
25124;10124
25125;10125
25126;10126
25127;10127
25128;10128
25129;10129
25130;10130
25131;10131
25132;10132
25133;10133
25134;10134
25135;10135
25136;10136
25137;10137
25138;10138
25139;10139
25140;10140
25141;10141
25142;10142
25143;10143
25144;10144
25145;10145
25146;10146
25147;10147
25148;10148
25149;10149
25150;10150
25151;10151
25152;10152
25153;10153
25154;10154
25155;10155
25156;10156
25157;10157
25158;10158
25159;10159
25160;10160
25161;10161
25162;10162
25163;10163
25164;10164
25165;10165
25166;10166
25167;10167
25168;10168
25169;10169
25170;10170
25171;10171
25172;10172
25173;10173
25174;10174
25175;10175
25176;10176
25177;10177
25178;10178
25179;10179
25180;10180
25181;10181
25182;10182
25183;10183
25184;10184
25185;10185
25186;10186
25187;10187
25188;10188
25189;10189
25190;10190
25191;10191
25192;10192
25193;10193
25194;10194
25198;10198
25199;10199
25200;10200
25201;10201
25202;10202
25203;10203
25204;10204
25205;10205
25206;10206
25207;10207
25208;10208
25209;10209
25210;10210
25211;10211
25212;10212
25213;10213
25214;10214
25215;10215
25216;10216
25217;10217
25218;10218
25219;10219
25220;10220
25221;10221
25222;10222
25223;10223
25224;10224
25225;10225
25226;10226
25227;10227
25228;10228
25229;10229
25230;10230
25231;10231
25232;10232
25233;10233
25234;10234
25235;10235
25236;10236
25237;10237
25238;10238
25239;10239
25240;10240
25241;10241
25242;10242
25243;10243
25244;10244
25245;10245
25246;10246
25247;10247
25248;10248
25249;10249
25250;10250
25251;10251
25252;10252
25253;10253
25254;10254
25255;10255
25256;10256
25257;10257
25258;10258
25259;10259
25260;10260
25261;10261
25262;10262
25263;10263
25264;10264
25265;10265
25266;10266
25267;10267
25268;10268
25269;10269
25270;10270
25271;10271
25272;10272
25273;10273
25274;10274
25275;10275
25276;10276
25277;10277
25278;10278
25279;10279
25280;10280
25281;10281
25282;10282
25283;10283
25284;10284
25285;10285
25286;10286
25287;10287
25288;10288
25289;10289
25290;10290
25291;10291
25292;10292
25293;10293
25294;10294
25295;10295
25296;10296
25297;10297
25298;10298
25299;10299
25300;10300
25301;10301
25302;10302
25303;10303
25304;10304
25305;10305
25306;10306
25307;10307
25308;10308
25309;10309
25310;10310
25311;10311
25312;10312
25313;10313
25314;10314
25315;10315
25316;10316
25317;10317
25318;10318
25319;10319
25320;10320
25321;10321
25322;10322
25323;10323
25324;10324
25325;10325
25326;10326
25327;10327
25328;10328
25329;10329
25330;10330
25331;10331
25332;10332
25333;10333
25334;10334
25335;10335
25336;10336
25337;10337
25338;10338
25339;10339
25340;10340
25341;10341
25342;10342
25343;10343
25344;10344
25345;10345
25346;10346
25347;10347
25348;10348
25349;10349
25350;10350
25351;10351
25352;10352
25353;10353
25354;10354
25355;10355
25356;10356
25357;10357
25358;10358
25359;10359
25360;10360
25361;10361
25362;10362
25363;10363
25364;10364
25365;10365
25366;10366
25367;10367
25368;10368
25369;10369
25370;10370
25371;10371
25372;10372
25373;10373
25374;10374
25375;10375
25376;10376
25377;10377
25378;10378
25379;10379
25380;10380
25381;10381
25382;10382
25383;10383
25384;10384
25385;10385
25386;10386
25387;10387
25388;10388
25389;10389
25390;10390
25391;10391
25392;10392
25393;10393
25394;10394
25395;10395
25396;10396
25397;10397
25398;10398
25399;10399
25400;10400
25401;10401
25402;10402
25403;10403
25404;10404
25405;10405
25406;10406
25407;10407
25408;10408
25409;10409
25410;10410
25411;10411
25412;10412
25413;10413
25414;10414
25415;10415
25416;10416
25417;10417
25418;10418
25419;10419
25420;10420
25421;10421
25422;10422
25423;10423
25424;10424
25425;10425
25426;10426
25427;10427
25428;10428
25429;10429
25430;10430
25431;10431
25432;10432
25433;10433
25434;10434
25435;10435
25436;10436
25437;10437
25438;10438
25439;10439
25440;10440
25441;10441
25442;10442
25443;10443
25444;10444
25445;10445
25446;10446
25447;10447
25448;10448
25449;10449
25450;10450
25451;10451
25452;10452
25453;10453
25454;10454
25455;10455
25456;10456
25457;10457
25458;10458
25459;10459
25460;10460
25461;10461
25462;10462
25463;10463
25464;10464
25465;10465
25466;10466
25467;10467
25468;10468
25469;10469
25470;10470
25471;10471
25472;10472
25473;10473
25474;10474
25475;10475
25476;10476
25477;10477
25478;10478
25479;10479
25480;10480
25481;10481
25482;10482
25483;10483
25484;10484
25485;10485
25486;10486
25487;10487
25488;10488
25489;10489
25490;10490
25491;10491
25492;10492
25493;10493
25494;10494
25495;10495
25496;10496
25497;10497
25498;10498
25499;10499
25500;10500
29001;12001
29002;12002
29003;12003
29004;12004
29005;12005
14111;12006
14112;12007
14113;12008
35064;12009
35065;12010
35066;12011
35067;12012
35068;12013
35069;12014
35070;12015
35071;12016
35072;12017
35073;12018
35074;12019
35075;12020
35076;12021
35077;12022
35078;12023
35062;12024
35079;12025
35080;12026
35081;12027
35082;12028
35083;12029
35084;12030
35085;12031
35086;12032
35087;12033
35088;12034
35089;12035
35090;12036
35091;12037
35368;12038
35369;12039
35370;12040
35371;12041
35372;12042
35373;12043
35374;12044
35375;12045
35376;12046
35377;12047
35378;12048
35379;12049
35380;12050
35381;12051
29006;12052
31842;12053
29007;12054
29008;12055
29009;12056
29010;12057
29011;12058
29012;12059
29013;12060
14159;12061
14160;12062
14161;12063
14295;12064
14296;12065
14297;12066
14343;12067
14344;12068
14345;12069
14479;12070
14480;12071
14481;12072
14527;12073
14528;12074
14529;12075
12077;12077
31843;12078
18001;12079
18002;12080
32081;12081
18003;12082
31844;12083
31845;12084
31846;12085
31847;12086
31848;12087
31849;12088
31850;12089
31851;12090
31852;12091
31853;12092
35106;12093
35107;12094
35108;12095
35109;12096
35110;12097
35111;12098
35112;12099
35113;12100
35114;12101
35115;12102
35116;12103
35117;12104
35118;12105
35119;12106
35120;12107
35121;12108
35122;12109
35123;12110
35124;12111
35125;12112
35126;12113
35127;12114
35128;12115
35129;12116
35130;12117
35131;12118
35132;12119
35133;12120
35142;12121
35146;12122
35105;12123
35148;12124
35149;12125
35150;12126
35151;12127
35152;12128
35153;12129
35154;12130
35155;12131
35156;12132
35157;12133
35158;12134
35159;12135
35160;12136
35161;12137
35162;12138
35163;12139
35164;12140
35165;12141
35166;12142
35167;12143
35168;12144
35169;12145
35170;12146
35171;12147
35172;12148
35173;12149
35174;12150
35175;12151
35184;12152
35188;12153
35147;12154
35134;12155
35135;12156
35136;12157
35137;12158
35138;12159
35139;12160
32161;12161
35176;12162
35177;12163
35178;12164
35179;12165
35180;12166
35181;12167
32168;12168
29014;12169
29015;12170
29016;12171
29017;12172
29018;12173
18004;12174
14114;12175
14115;12176
14162;12177
14298;12178
14299;12179
14346;12180
14482;12181
14483;12182
14530;12183
14799;12184
14800;12185
14801;12186
14663;12187
14664;12188
14665;12189
14666;12190
14667;12191
14001;12192
14002;12193
14038;12194
14039;12195
14040;12196
29019;12211
35190;12212
35191;12213
35192;12214
35193;12215
35194;12216
35195;12217
35196;12218
35197;12219
35198;12220
35199;12221
35200;12222
35201;12223
35202;12224
35203;12225
35204;12226
35205;12227
35206;12228
35207;12229
35208;12230
35209;12231
35210;12232
35211;12233
35212;12234
35213;12235
35214;12236
35215;12237
35216;12238
35217;12239
35226;12240
35232;12241
35189;12242
35218;12243
35219;12244
35220;12245
35221;12246
35222;12247
35223;12248
32249;12249
13001;12250
14737;12251
35100;12252
35104;12253
35234;12254
35274;12255
35006;12256
35008;12257
35009;12258
35278;12259
31854;12260
31855;12261
31856;12262
31857;12263
31858;12264
35235;12265
35236;12266
35237;12267
35238;12268
35239;12269
35240;12270
35241;12271
35242;12272
35243;12273
35244;12274
35245;12275
35246;12276
35247;12277
35248;12278
35249;12279
35250;12280
35251;12281
35252;12282
35253;12283
35254;12284
35255;12285
35256;12286
35257;12287
35258;12288
35259;12289
35260;12290
35233;12291
35261;12292
35262;12293
35263;12294
35264;12295
35265;12296
35266;12297
35267;12298
35268;12299
32300;12300
35010;12301
35011;12302
35012;12303
35013;12304
35014;12305
35015;12306
35016;12307
35017;12308
35018;12309
35019;12310
12311;12311
12312;12312
12313;12313
13002;12314
13003;12315
35102;12316
35144;12317
35228;12318
35186;12319
35276;12320
35007;12321
35269;12322
35270;12323
31859;12324
13004;12342
13005;12343
14116;12344
14117;12345
14118;12346
14119;12347
14163;12348
14164;12349
14165;12350
14166;12351
14167;12352
14300;12353
14301;12354
14302;12355
14303;12356
14347;12357
14348;12358
14349;12359
14350;12360
14351;12361
14484;12362
14485;12363
14486;12364
14487;12365
14531;12366
14532;12367
14533;12368
14534;12369
14535;12370
31860;12371
29020;12372
29021;12373
29022;12374
14768;12375
29023;12376
29024;12377
18005;12410
14120;12411
14121;12412
14122;12413
14123;12414
14124;12415
14125;12416
14126;12417
14127;12418
14128;12419
14168;12420
14169;12421
14170;12422
14171;12423
14172;12424
14173;12425
14174;12426
14175;12427
14176;12428
14352;12429
14353;12430
14354;12431
14355;12432
14356;12433
14357;12434
14358;12435
14359;12436
14360;12437
14304;12438
14305;12439
14306;12440
14307;12441
14308;12442
14309;12443
14310;12444
14311;12445
14312;12446
14488;12447
14489;12448
14490;12449
14491;12450
14492;12451
14493;12452
14494;12453
14495;12454
14496;12455
14536;12456
14537;12457
14538;12458
14539;12459
14540;12460
14541;12461
14542;12462
14543;12463
14544;12464
14003;12465
14004;12466
14005;12467
14006;12468
14007;12469
14041;12470
14042;12471
14043;12472
14802;12473
14803;12474
14804;12475
14805;12476
14207;12477
14208;12478
14209;12479
14210;12480
14211;12481
14212;12482
14213;12483
14214;12484
14215;12485
14216;12486
14217;12487
14218;12488
14219;12489
14391;12490
14392;12491
14393;12492
14394;12493
14395;12494
14396;12495
14397;12496
14398;12497
14399;12498
14400;12499
14401;12500
14402;12501
14403;12502
14575;12503
14576;12504
14577;12505
14578;12506
14579;12507
14580;12508
14581;12509
14582;12510
14583;12511
14584;12512
14585;12513
14586;12514
14587;12515
14702;12517
14703;12518
14704;12519
14705;12520
14706;12521
14668;12522
14669;12523
14670;12524
14671;12525
12526;12526
12527;12527
12528;12528
35408;12532
35409;12533
35410;12534
29025;12535
14220;12536
14404;12537
14588;12538
35428;12539
35429;12540
35430;12541
35431;12542
35432;12543
29026;12544
29027;12545
35422;12551
35423;12552
35424;12553
35425;12554
35426;12555
35427;12556
35433;12557
35434;12558
35435;12559
35436;12560
35437;12561
35438;12562
31861;12563
12564;12564
35411;12565
35412;12566
35413;12567
35414;12568
35415;12569
35416;12570
31862;12571
35280;12572
35281;12573
35282;12574
35283;12575
35284;12576
35285;12577
35286;12578
35287;12579
35288;12580
35289;12581
35290;12582
35291;12583
35292;12584
35293;12585
35294;12586
35295;12587
35296;12588
35297;12589
35298;12590
35299;12591
35300;12592
35301;12593
35302;12594
35303;12595
35304;12596
35305;12597
35306;12598
35307;12599
35316;12600
35320;12601
35279;12602
35308;12603
35309;12604
35310;12605
35311;12606
35312;12607
35313;12608
32609;12609
35318;12613
18006;12614
18007;12615
18008;12616
31863;12617
31864;12618
13006;12619
13007;12620
12621;12621
18009;12622
18010;12623
18011;12624
18012;12625
18013;12626
18014;12627
18015;12628
18016;12629
18017;12630
18018;12631
18019;12632
18020;12633
18021;12634
18022;12635
18023;12636
18024;12637
18025;12638
18026;12639
18027;12640
18028;12641
18029;12642
18030;12643
18031;12644
18032;12645
18033;12646
18034;12647
18035;12648
18036;12649
18037;12650
18038;12651
18039;12652
18040;12653
18041;12654
18042;12655
18043;12656
18044;12657
18045;12658
18046;12659
18047;12660
18048;12661
18049;12662
18050;12663
18051;12664
18052;12665
18053;12666
18054;12667
18055;12668
18056;12669
18057;12670
18058;12671
18059;12672
18060;12673
18061;12674
18062;12675
18063;12676
18064;12677
18065;12678
18066;12679
18067;12680
18068;12681
18069;12682
18070;12683
18071;12684
18072;12685
18073;12686
18074;12687
18075;12688
18076;12689
18077;12690
18078;12691
18079;12692
18080;12693
18081;12694
18082;12695
18083;12696
18084;12697
18085;12698
18086;12699
18087;12700
18088;12701
18089;12702
18090;12703
18091;12704
18092;12705
18093;12706
18094;12707
18095;12708
18096;12709
18097;12710
18098;12711
18099;12712
18100;12713
18101;12714
18102;12715
18103;12716
18104;12717
18105;12718
18106;12719
18107;12720
18108;12721
35020;12722
35021;12723
35022;12724
35023;12725
35024;12726
35025;12727
35026;12728
35027;12729
35028;12730
35029;12731
35030;12732
35031;12733
35032;12734
35033;12735
35034;12736
35035;12737
35036;12738
35037;12739
35038;12740
35039;12741
35040;12742
35041;12743
35042;12744
35043;12745
35044;12746
35045;12747
35046;12748
35047;12749
35048;12750
35049;12751
35050;12752
35051;12753
35052;12754
35053;12755
35054;12756
35055;12757
35056;12758
35057;12759
35058;12760
35059;12761
35060;12762
35061;12763
18109;12764
18110;12765
18111;12766
18112;12767
18113;12768
18114;12769
18115;12770
18116;12771
18117;12772
18118;12773
12774;12774
12775;12775
12776;12776
12777;12777
12778;12778
12779;12779
12780;12780
12781;12781
12782;12782
16017;12783
16018;12784
16013;12785
16014;12786
16015;12787
16016;12788
18119;12789
35365;12790
35363;12791
35367;12792
35324;12793
35325;12794
35326;12795
35327;12796
35328;12797
35329;12798
35330;12799
35331;12800
35332;12801
35333;12802
35334;12803
35335;12804
35336;12805
35337;12806
35338;12807
35339;12808
35340;12809
35341;12810
35342;12811
35343;12812
35344;12813
35345;12814
35346;12815
35347;12816
35348;12817
35349;12818
35350;12819
35351;12820
35352;12821
35353;12822
35354;12823
35355;12824
35356;12825
35357;12826
35358;12827
35359;12828
35360;12829
35271;12830
35322;12831
35323;12832
35453;12833
35455;12834
35451;12835
35457;12836
35459;12837
35092;12838
35093;12839
35094;12840
35095;12841
35096;12842
35097;12843
35383;12844
35382;12845
35398;12846
35400;12847
35392;12848
35394;12849
35396;12850
35384;12851
35390;12852
35386;12853
35388;12854
30792;12855
30793;12856
30794;12857
30795;12858
30796;12859
30797;12860
35407;12861
35403;12862
35405;12863
30804;12864
30805;12865
30806;12866
30807;12867
30808;12868
30809;12869
30810;12870
30811;12871
30812;12872
30813;12873
30814;12874
30815;12875
30816;12876
30817;12877
30818;12878
30819;12879
30820;12880
30821;12881
30822;12882
30823;12883
30824;12884
30825;12885
30826;12886
35421;12887
35420;12888
35439;12889
35441;12890
35443;12891
35445;12892
35447;12893
35449;12894
35467;12895
35465;12896
35463;12897
35461;12898
29028;12899
29029;12900
31865;12901
31866;12902
31867;12903
31868;12904
31869;12905
31870;12906
31871;12907
31872;12908
31873;12909
31874;12910
31875;12911
31876;12912
31877;12913
31878;12914
31879;12915
31880;12916
31881;12917
31882;12918
31883;12919
31884;12920
31885;12921
31886;12922
31887;12923
31888;12924
31889;12925
31890;12926
31891;12927
31892;12928
31893;12929
31894;12930
31895;12931
31896;12932
31897;12933
31898;12934
31899;12935
31900;12936
31901;12937
31902;12938
31903;12939
31904;12940
31905;12941
31906;12942
31907;12943
31908;12944
31909;12945
31910;12946
31911;12947
31912;12948
31913;12949
31914;12950
31915;12951
31916;12952
31917;12953
31918;12954
18120;12955
18121;12956
18122;12957
18123;12958
18124;12959
18125;12960
18126;12961
18127;12962
18128;12963
18129;12964
18130;12965
18131;12966
18132;12967
18133;12968
18134;12969
18135;12970
18136;12971
18137;12972
18138;12973
18139;12974
18140;12975
18141;12976
18142;12977
18143;12978
18144;12979
18145;12980
18146;12981
18147;12982
18148;12983
18149;12984
18150;12985
18151;12986
18152;12987
18153;12988
18154;12989
18155;12990
18156;12991
18157;12992
18158;12993
18159;12994
18160;12995
18161;12996
18162;12997
18163;12998
18164;12999
18165;13000
18166;13001
18167;13002
18168;13003
18169;13004
18170;13005
18171;13006
18172;13007
18173;13008
18174;13009
18175;13010
18176;13011
18177;13012
18178;13013
18179;13014
18180;13015
18181;13016
18182;13017
18183;13018
18184;13019
18185;13020
18186;13021
18187;13022
18188;13023
18189;13024
18190;13025
18191;13026
18192;13027
18193;13028
18194;13029
18195;13030
18196;13031
18197;13032
18198;13033
18199;13034
18200;13035
18201;13036
18202;13037
18203;13038
18204;13039
18205;13040
18206;13041
18207;13042
18208;13043
18209;13044
18210;13045
18211;13046
18212;13047
18213;13048
18214;13049
18215;13050
18216;13051
18217;13052
18218;13053
18219;13054
18220;13055
18221;13056
18222;13057
18223;13058
18224;13059
18225;13060
18226;13061
18227;13062
18228;13063
18229;13064
18230;13065
18231;13066
18232;13067
18233;13068
18234;13069
18235;13070
18236;13071
18237;13072
18238;13073
18239;13074
18240;13075
18241;13076
18242;13077
18243;13078
18244;13079
18245;13080
18246;13081
18247;13082
18248;13083
18249;13084
18250;13085
18251;13086
18252;13087
18253;13088
18254;13089
18255;13090
18256;13091
18257;13092
18258;13093
18259;13094
18260;13095
18261;13096
18262;13097
18263;13098
18264;13099
18265;13100
18266;13101
18267;13102
18268;13103
18269;13104
18270;13105
18271;13106
18272;13107
18273;13108
18274;13109
18275;13110
18276;13111
18277;13112
18278;13113
18279;13114
18280;13115
18281;13116
18282;13117
18283;13118
18284;13119
18285;13120
18286;13121
29030;13122
29031;13123
29032;13124
29033;13125
29034;13126
29035;13127
29036;13128
29037;13129
29038;13130
29039;13131
29040;13132
29041;13133
29042;13134
29043;13135
29044;13136
14251;13137
14252;13138
14253;13139
14254;13140
14255;13141
14256;13142
14257;13143
14258;13144
14259;13145
14260;13146
14435;13151
14436;13152
14437;13153
14438;13154
14439;13155
14440;13156
14441;13157
14442;13158
14443;13159
14444;13160
14619;13165
14620;13166
14621;13167
14622;13168
14623;13169
14624;13170
14625;13171
14626;13172
14627;13173
14628;13174
14074;13179
14075;13180
14076;13181
14077;13182
14078;13183
14079;13184
14080;13185
13014;13186
31919;13187
31920;13188
31921;13189
31922;13190
31923;13191
31924;13192
31925;13193
31926;13194
31927;13195
31928;13196
31929;13197
31930;13198
31931;13199
31932;13200
31933;13201
31934;13202
31935;13203
31936;13204
31937;13205
31938;13206
31939;13207
31940;13208
31941;13209
31942;13210
31943;13211
31944;13212
18287;13213
18288;13214
18289;13215
18290;13216
18291;13217
18292;13218
18293;13219
18294;13220
18295;13221
18296;13222
18297;13223
18298;13224
18299;13225
18300;13226
18301;13227
18302;13228
18303;13229
18304;13230
18305;13231
18306;13232
18307;13233
18308;13234
18309;13235
18310;13236
18311;13237
18312;13238
18313;13239
18314;13240
18315;13241
18316;13242
18317;13243
18318;13244
18319;13245
18320;13246
18321;13247
18322;13248
18323;13249
18324;13250
18325;13251
18326;13252
14129;13253
14130;13254
14131;13255
14132;13256
14133;13257
14134;13258
14135;13259
14136;13260
14137;13261
14138;13262
14139;13263
14140;13264
14141;13265
14142;13266
14143;13267
14144;13268
14145;13269
14146;13270
14147;13271
14148;13272
14149;13273
14150;13274
14151;13275
14152;13276
14153;13277
14154;13278
14155;13279
14156;13280
14157;13281
14158;13282
14177;13283
14178;13284
14179;13285
14180;13286
14181;13287
14182;13288
14183;13289
14184;13290
14185;13291
14186;13292
14187;13293
14188;13294
14189;13295
14190;13296
14191;13297
14192;13298
14193;13299
14194;13300
14195;13301
14196;13302
14197;13303
14198;13304
14199;13305
14200;13306
14201;13307
14202;13308
14203;13309
14204;13310
14205;13311
14206;13312
14221;13313
14222;13314
14223;13315
14224;13316
14225;13317
14226;13318
14227;13319
14228;13320
14229;13321
14230;13322
14231;13323
14232;13324
14233;13325
14234;13326
14235;13327
14236;13328
14237;13329
14238;13330
14239;13331
14240;13332
14241;13333
14242;13334
14243;13335
14244;13336
14245;13337
14246;13338
14247;13339
14248;13340
14249;13341
14250;13342
14265;13343
14266;13344
14267;13345
14268;13346
14269;13347
14270;13348
14271;13349
14272;13350
14273;13351
14274;13352
14275;13353
14276;13354
14277;13355
14278;13356
14279;13357
14280;13358
14281;13359
14282;13360
14283;13361
14284;13362
14285;13363
14286;13364
14287;13365
14288;13366
14289;13367
14290;13368
14291;13369
14292;13370
14293;13371
14294;13372
14313;13373
14314;13374
14315;13375
14316;13376
14317;13377
14318;13378
14319;13379
14320;13380
14321;13381
14322;13382
14323;13383
14324;13384
14325;13385
14326;13386
14327;13387
14328;13388
14329;13389
14330;13390
14331;13391
14332;13392
14333;13393
14334;13394
14335;13395
14336;13396
14337;13397
14338;13398
14339;13399
14340;13400
14341;13401
14342;13402
14361;13403
14362;13404
14363;13405
14364;13406
14365;13407
14366;13408
14367;13409
14368;13410
14369;13411
14370;13412
14371;13413
14372;13414
14373;13415
14374;13416
14375;13417
14376;13418
14377;13419
14378;13420
14379;13421
14380;13422
14381;13423
14382;13424
14383;13425
14384;13426
14385;13427
14386;13428
14387;13429
14388;13430
14389;13431
14390;13432
14405;13433
14406;13434
14407;13435
14408;13436
14409;13437
14410;13438
14411;13439
14412;13440
14413;13441
14414;13442
14415;13443
14416;13444
14417;13445
14418;13446
14419;13447
14420;13448
14421;13449
14422;13450
14423;13451
14424;13452
14425;13453
14426;13454
14427;13455
14428;13456
14429;13457
14430;13458
14431;13459
14432;13460
14433;13461
14434;13462
14449;13463
14450;13464
14451;13465
14452;13466
14453;13467
14454;13468
14455;13469
14456;13470
14457;13471
14458;13472
14459;13473
14460;13474
14461;13475
14462;13476
14463;13477
14464;13478
14465;13479
14466;13480
14467;13481
14468;13482
14469;13483
14470;13484
14471;13485
14472;13486
14473;13487
14474;13488
14475;13489
14476;13490
14477;13491
14478;13492
14497;13493
14498;13494
14499;13495
14500;13496
14501;13497
14502;13498
14503;13499
14504;13500
14505;13501
14506;13502
14507;13503
14508;13504
14509;13505
14510;13506
14511;13507
14512;13508
14513;13509
14514;13510
14515;13511
14516;13512
14517;13513
14518;13514
14519;13515
14520;13516
14521;13517
14522;13518
14523;13519
14524;13520
14525;13521
14526;13522
14545;13523
14546;13524
14547;13525
14548;13526
14549;13527
14550;13528
14551;13529
14552;13530
14553;13531
14554;13532
14555;13533
14556;13534
14557;13535
14558;13536
14559;13537
14560;13538
14561;13539
14562;13540
14563;13541
14564;13542
14565;13543
14566;13544
14567;13545
14568;13546
14569;13547
14570;13548
14571;13549
14572;13550
14573;13551
14574;13552
14589;13553
14590;13554
14591;13555
14592;13556
14593;13557
14594;13558
14595;13559
14596;13560
14597;13561
14598;13562
14599;13563
14600;13564
14601;13565
14602;13566
14603;13567
14604;13568
14605;13569
14606;13570
14607;13571
14608;13572
14609;13573
14610;13574
14611;13575
14612;13576
14613;13577
14614;13578
14615;13579
14616;13580
14617;13581
14618;13582
14633;13583
14634;13584
14635;13585
14636;13586
14637;13587
14638;13588
14639;13589
14640;13590
14641;13591
14642;13592
14643;13593
14644;13594
14645;13595
14646;13596
14647;13597
14648;13598
14649;13599
14650;13600
14651;13601
14652;13602
14653;13603
14654;13604
14655;13605
14656;13606
14657;13607
14658;13608
14659;13609
14660;13610
14661;13611
14662;13612
14008;13613
14009;13614
14010;13615
14011;13616
14012;13617
14013;13618
14014;13619
14015;13620
14016;13621
14017;13622
14018;13623
14019;13624
14020;13625
14021;13626
14022;13627
14023;13628
14024;13629
14025;13630
14026;13631
14027;13632
14028;13633
14029;13634
14030;13635
14031;13636
14032;13637
14033;13638
14034;13639
14035;13640
14036;13641
14037;13642
14044;13643
14045;13644
14046;13645
14047;13646
14048;13647
14049;13648
14050;13649
14051;13650
14052;13651
14053;13652
14054;13653
14055;13654
14056;13655
14057;13656
14058;13657
14059;13658
14060;13659
14061;13660
14062;13661
14063;13662
14064;13663
14065;13664
14066;13665
14067;13666
14068;13667
14069;13668
14070;13669
14071;13670
14072;13671
14073;13672
14081;13673
14082;13674
14083;13675
14084;13676
14085;13677
14086;13678
14087;13679
14088;13680
14089;13681
14090;13682
14091;13683
14092;13684
14093;13685
14094;13686
14095;13687
14096;13688
14097;13689
14098;13690
14099;13691
14100;13692
14101;13693
14102;13694
14103;13695
14104;13696
14105;13697
14106;13698
14107;13699
14108;13700
14109;13701
14110;13702
14672;13703
14673;13704
14674;13705
14675;13706
14676;13707
14677;13708
14678;13709
14679;13710
14680;13711
14681;13712
14682;13713
14683;13714
14684;13715
14685;13716
14686;13717
14687;13718
14688;13719
14689;13720
14690;13721
14691;13722
14692;13723
14693;13724
14694;13725
14695;13726
14696;13727
14697;13728
14698;13729
14699;13730
14700;13731
14701;13732
14707;13733
14708;13734
14709;13735
14710;13736
14711;13737
14712;13738
14713;13739
14714;13740
14715;13741
14716;13742
14717;13743
14718;13744
14719;13745
14720;13746
14721;13747
14722;13748
14723;13749
14724;13750
14725;13751
14726;13752
14727;13753
14728;13754
14729;13755
14730;13756
14731;13757
14732;13758
14733;13759
14734;13760
14735;13761
14736;13762
14738;13763
14739;13764
14740;13765
14741;13766
14742;13767
14743;13768
14744;13769
14745;13770
14746;13771
14747;13772
14748;13773
14749;13774
14750;13775
14751;13776
14752;13777
14753;13778
14754;13779
14755;13780
14756;13781
14757;13782
14758;13783
14759;13784
14760;13785
14761;13786
14762;13787
14763;13788
14764;13789
14765;13790
14766;13791
14767;13792
14769;13793
14770;13794
14771;13795
14772;13796
14773;13797
14774;13798
14775;13799
14776;13800
14777;13801
14778;13802
14779;13803
14780;13804
14781;13805
14782;13806
14783;13807
14784;13808
14785;13809
14786;13810
14787;13811
14788;13812
14789;13813
14790;13814
14791;13815
14792;13816
14793;13817
14794;13818
14795;13819
14796;13820
14797;13821
14798;13822
14806;13823
14807;13824
14808;13825
14809;13826
14810;13827
14811;13828
14812;13829
14813;13830
14814;13831
14815;13832
14816;13833
14817;13834
14818;13835
14819;13836
14820;13837
14821;13838
14822;13839
14823;13840
14824;13841
14825;13842
14826;13843
14827;13844
14828;13845
14829;13846
14830;13847
14831;13848
14832;13849
14833;13850
14834;13851
14835;13852